#vertex distance parent
0 0 -1
1 2.74208 0
2 4.58833 1
3 4.58833 1
4 17.135 5
5 14.5817 1488
6 17.122 7
7 15.0275 1883
8 22.549 9
9 19.3683 302
10 25.4294 8
11 18.499 12
12 16.6625 642
13 21.5038 11
14 20.9041 11
15 21.2037 11
16 20.2789 17
17 17.3988 477
18 -1 -1
19 -1 -1
20 -1 -1
21 -1 -1
22 -1 -1
23 22.6388 24
24 19.9691 1091
25 19.1867 26
26 16.3065 450
27 18.9196 28
28 16.1775 1525
29 19.2871 32
30 22.4677 29
31 22.4677 29
32 17.0571 403
33 10.9016 39
34 13.1419 33
35 12.8441 33
36 13.1419 33
37 13.1419 33
38 13.1419 33
39 8.95897 523
40 12.8441 33
41 12.8441 33
42 13.1419 33
43 13.1419 33
44 -1 -1
45 -1 -1
46 18.9427 48
47 20.6219 1874
48 16.7991 2067
49 20.2684 107
50 10.7936 51
51 8.87922 337
52 13.4019 50
53 13.4019 50
54 13.4019 50
55 13.1811 50
56 21.7721 57
57 19.1341 1332
58 23.639 59
59 21.1762 1265
60 18.8469 61
61 16.7593 1010
62 15.462 64
63 18.9431 62
64 12.7572 2057
65 -1 -1
66 -1 -1
67 16.8254 7
68 19.3546 67
69 27.1187 70
70 23.6376 1350
71 16.9239 75
72 19.6287 71
73 19.9288 71
74 19.329 71
75 14.7602 775
76 22.8132 77
77 20.284 752
78 26.2943 76
79 23.6439 80
80 21.3069 1588
81 15.5055 82
82 12.6252 249
83 18.9866 81
84 -1 -1
85 -1 -1
86 -1 -1
87 -1 -1
88 18.0783 89
89 15.5489 40
90 21.3836 88
91 18.4907 97
92 19.2923 153
93 20.7711 91
94 21.0703 91
95 21.0703 91
96 21.0703 91
97 16.3849 622
98 17.8577 1257
99 21.0703 91
100 18.5655 902
101 20.0581 102
102 17.4498 1392
103 23.3634 101
104 23.2654 105
105 19.9601 415
106 20.7425 107
107 18.105 826
108 14.9992 109
109 12.692 2382
110 15.3184 111
111 12.9813 237
112 17.1076 113
113 14.6247 552
114 -1 -1
115 -1 -1
116 24.871 117
117 22.7492 2345
118 20.8107 119
119 17.9303 737
120 24.2918 118
121 23.3253 122
122 20.1447 107
123 16.7126 124
124 13.2315 2057
125 16.6522 126
126 14.2474 1011
127 13.9506 633
128 19.5621 130
129 19.6744 536
130 16.9241 2120
131 19.0666 48
132 20.8728 769
133 21.4193 134
134 18.2387 314
135 16.895 136
136 14.2873 698
137 13.4163 138
138 10.5362 1486
139 -1 -1
140 -1 -1
141 22.5181 142
142 20.2252 1976
143 22.5091 72
144 18.9526 145
145 16.5479 1692
146 19.4512 2343
147 -1 -1
148 -1 -1
149 17.1471 150
150 15.3256 832
151 19.1258 179
152 20.2079 788
153 17.1077 404
154 21.0677 155
155 17.7624 323
156 21.4101 68
157 23.8152 156
158 24.415 156
159 23.4657 156
160 24.415 156
161 19.2198 162
162 16.9111 627
163 22.0035 161
164 17.5271 616
165 22.3037 161
166 20.2789 17
167 15.0009 168
168 12.6481 634
169 18.8769 170
170 16.394 728
171 21.6443 172
172 19.3769 1072
173 24.9496 171
174 24.9496 171
175 -1 -1
176 -1 -1
177 18.5832 178
178 16.7024 762
179 16.421 136
180 19.2504 179
181 17.0444 184
182 17.9777 506
183 15.3457 1473
184 14.9558 1587
185 19.8281 181
186 18.611 506
187 24.0629 188
188 21.1828 1689
189 13.5253 190
190 10.9177 1305
191 13.172 198
192 15.0084 191
193 15.0084 191
194 15.2271 191
195 15.1037 191
196 15.0084 191
197 15.4015 191
198 10.9426 1449
199 15.2271 191
200 16.2002 201
201 12.8949 378
202 25.3236 203
203 22.143 1926
204 18.9891 205
205 16.682 233
206 -1 -1
207 -1 -1
208 24.082 209
209 20.9014 1528
210 14.8464 111
211 17.4547 210
212 16.3849 622
213 19.5454 214
214 17.4114 1810
215 28.8755 216
216 25.3944 386
217 21.9289 219
218 20.6619 1439
219 19.2909 494
220 17.1076 113
221 21.2217 222
222 18.6931 1286
223 17.6166 192
224 17.7921 192
225 18.0923 192
226 -1 -1
227 -1 -1
228 -1 -1
229 -1 -1
230 28.5456 231
231 25.0645 2056
232 15.3184 111
233 14.8464 111
234 15.3184 111
235 15.3184 111
236 15.3184 111
237 10.9426 1449
238 15.02 111
239 15.02 111
240 15.02 111
241 15.02 111
242 19.5515 243
243 16.4677 1033
244 -1 -1
245 -1 -1
246 22.0139 247
247 19.4606 1290
248 12.6252 249
249 10.4406 697
250 12.3333 798
251 15.2055 248
252 14.4563 255
253 17.7616 252
254 17.7616 252
255 12.2929 1673
256 20.5126 260
257 23.5964 256
258 23.5964 256
259 19.2903 1500
260 18.424 292
261 23.5964 256
262 20.0262 264
263 17.5423 323
264 17.0212 1074
265 14.6729 267
266 17.6779 265
267 12.6411 1771
268 16.7047 265
269 -1 -1
270 -1 -1
271 27.3851 272
272 24.2045 925
273 20.4074 277
274 23.5881 273
275 23.5881 273
276 21.5025 2186
277 17.5271 616
278 17.122 7
279 21.3673 280
280 18.9045 1432
281 24.6726 279
282 24.6726 279
283 19.8592 284
284 16.979 1708
285 17.3983 75
286 20.4033 285
287 22.6306 289
288 20.8268 532
289 20.7805 2258
290 22.119 172
291 16.2823 293
292 16.3354 784
293 14.4573 1152
294 21.4561 295
295 18.7517 511
296 18.5209 297
297 16.3148 504
298 20.6838 296
299 19.0553 178
300 19.069 302
301 18.9728 302
302 16.7881 627
303 21.4567 301
304 22.2496 300
305 22.3421 306
306 19.5127 153
307 -1 -1
308 -1 -1
309 -1 -1
310 14.0353 311
311 10.9514 521
312 -1 -1
313 -1 -1
314 15.9002 581
315 20.4135 1732
316 21.7136 318
317 24.8943 316
318 19.0088 683
319 24.6525 320
320 21.7721 57
321 24.4129 322
322 21.2323 1226
323 15.4083 333
324 20.326 263
325 20.326 263
326 20.6261 263
327 22.383 328
328 19.2992 2003
329 13.0699 378
330 17.7624 323
331 17.4639 323
332 17.3977 323
333 13.0542 1450
334 18.2537 89
335 -1 -1
336 -1 -1
337 6.86918 2
338 6.69454 2
339 17.1972 340
340 15.3515 842
341 19.6388 339
342 19.34 339
343 19.34 339
344 16.5379 5
345 19.6388 339
346 19.012 785
347 19.34 339
348 13.5253 190
349 13.5253 190
350 20.6865 351
351 17.8063 1316
352 18.497 358
353 17.3326 418
354 20.5446 352
355 20.4004 352
356 20.5918 155
357 20.9394 352
358 16.3535 126
359 19.9607 1885
360 19.2326 361
361 16.7698 1537
362 21.762 360
363 -1 -1
364 -1 -1
365 -1 -1
366 -1 -1
367 20.8107 119
368 24.2918 367
369 -1 -1
370 -1 -1
371 -1 -1
372 -1 -1
373 18.9891 205
374 12.7709 378
375 14.8625 1312
376 15.6512 374
377 15.6512 374
378 10.5863 850
379 16.953 381
380 19.1376 379
381 14.6145 698
382 19.8334 379
383 20.1336 379
384 -1 -1
385 -1 -1
386 22.514 77
387 20.7105 578
388 25.6947 386
389 21.7801 390
390 19.5127 153
391 20.9739 1244
392 22.2145 1364
393 19.5925 1787
394 24.5222 389
395 16.5791 293
396 21.4994 397
397 18.8298 430
398 -1 -1
399 -1 -1
400 26.0624 401
401 23.1823 209
402 13.0783 405
403 15.0677 402
404 15.0677 402
405 11.089 2203
406 14.8743 402
407 15.2123 402
408 21.378 409
409 19.1846 472
410 -1 -1
411 -1 -1
412 -1 -1
413 18.8382 314
414 17.3205 150
415 18.095 1868
416 -1 -1
417 -1 -1
418 15.0517 1276
419 17.4567 418
420 15.107 927
421 26.0624 401
422 20.8649 423
423 17.3838 627
424 17.122 7
425 21.378 409
426 -1 -1
427 -1 -1
428 21.4994 397
429 21.4994 397
430 16.6344 113
431 21.4994 397
432 -1 -1
433 -1 -1
434 21.5174 435
435 18.0363 781
436 -1 -1
437 15.3151 55
438 16.2576 126
439 13.3731 1127
440 17.449 437
441 17.6692 437
442 17.122 7
443 18.273 444
444 15.8506 2389
445 24.0905 446
446 20.7852 1439
447 19.2189 448
448 17.3045 1796
449 16.5088 450
450 14.2666 695
451 18.7115 26
452 19.1867 26
453 19.1867 26
454 18.8868 26
455 17.1076 113
456 21.378 409
457 21.378 409
458 21.0806 409
459 21.378 409
460 19.6879 153
461 21.378 409
462 21.0806 409
463 21.378 409
464 20.4431 107
465 21.378 409
466 17.6319 418
467 21.378 409
468 21.378 409
469 21.0806 409
470 18.7865 506
471 21.0806 409
472 17.2886 1274
473 18.3885 474
474 15.5081 579
475 -1 -1
476 -1 -1
477 15.5118 480
478 17.3485 477
479 17.3988 477
480 13.5676 1334
481 -1 -1
482 -1 -1
483 25.7803 484
484 23.172 80
485 18.5664 438
486 15.1913 55
487 16.6703 406
488 24.871 117
489 24.5029 490
490 21.3222 380
491 -1 -1
492 -1 -1
493 19.8303 494
494 17.3467 1461
495 -1 -1
496 -1 -1
497 -1 -1
498 29.7402 499
499 27.4315 667
500 24.871 117
501 18.82 297
502 18.5209 297
503 18.2234 297
504 14.1087 1081
505 19.9122 448
506 15.9061 480
507 16.9915 510
508 17.9887 1369
509 19.3978 1115
510 14.653 1097
511 16.5218 675
512 20.174 513
513 16.8687 661
514 -1 -1
515 -1 -1
516 23.6378 517
517 20.9331 1977
518 26.8185 516
519 17.1471 150
520 19.4557 519
521 8.56392 523
522 11.0478 521
523 6.47533 3
524 10.9514 521
525 19.6813 526
526 16.5974 1110
527 22.4392 528
528 19.7348 753
529 -1 -1
530 -1 -1
531 16.8254 7
532 18.913 531
533 20.0622 534
534 17.182 1201
535 15.7092 538
536 17.6918 535
537 18.5893 535
538 13.777 633
539 18.2894 535
540 19.8592 284
541 15.7243 201
542 18.7293 541
543 18.3325 541
544 21.709 545
545 18.4037 170
546 17.1076 113
547 17.1076 113
548 17.1076 113
549 17.1076 113
550 16.416 113
551 16.8087 113
552 12.8334 1450
553 17.1076 113
554 14.7025 168
555 17.1076 113
556 17.1076 113
557 23.6146 446
558 26.9199 557
559 26.9199 557
560 -1 -1
561 -1 -1
562 24.2753 563
563 21.1914 1346
564 -1 -1
565 -1 -1
566 -1 -1
567 -1 -1
568 -1 -1
569 18.5779 170
570 16.6128 728
571 18.6364 972
572 17.1579 418
573 16.1692 1033
574 19.2135 572
575 20.1628 572
576 19.0239 572
577 21.0083 578
578 18.7679 1827
579 12.9277 190
580 16.1084 579
581 13.4375 1779
582 15.3211 583
583 12.2373 639
584 20.8079 588
585 23.8917 584
586 21.1861 772
587 23.4161 584
588 18.4991 1324
589 21.975 1557
590 17.3462 407
591 19.5637 2116
592 19.4018 590
593 18.4406 1664
594 -1 -1
595 -1 -1
596 20.5719 536
597 20.272 536
598 20.272 536
599 16.4739 601
600 17.1064 1162
601 13.7691 919
602 19.0033 599
603 19.0033 599
604 15.3164 1968
605 19.1787 599
606 -1 -1
607 -1 -1
608 19.6913 609
609 16.8109 887
610 23.1724 608
611 20.5386 211
612 20.5386 211
613 19.8857 1555
614 20.2384 211
615 17.8256 616
616 15.4394 1958
617 18.2462 618
618 15.86 2216
619 -1 -1
620 -1 -1
621 16.8573 622
622 14.4711 1534
623 -1 -1
624 -1 -1
625 21.2829 626
626 18.6454 683
627 14.979 700
628 19.9159 162
629 19.9159 162
630 -1 -1
631 -1 -1
632 -1 -1
633 11.9404 639
634 10.7673 1449
635 14.424 633
636 13.8274 633
637 14.424 633
638 10.8412 783
639 10.1487 783
640 18.9707 12
641 18.7569 178
642 14.5288 168
643 19.2701 12
644 18.6725 12
645 18.9707 12
646 19.2701 12
647 18.273 444
648 20.1731 182
649 20.6474 182
650 19.7035 895
651 18.5779 170
652 20.6474 182
653 16.8568 381
654 20.6474 182
655 16.1311 538
656 22.5181 142
657 27.1494 659
658 30.4547 657
659 24.4446 392
660 16.7454 661
661 14.8369 1121
662 19.4503 660
663 19.1505 660
664 -1 -1
665 -1 -1
666 18.273 444
667 25.1892 707
668 30.5154 499
669 30.5154 499
670 30.5154 499
671 16.865 672
672 13.5597 524
673 18.5779 170
674 16.9942 675
675 14.608 1478
676 21.2984 677
677 18.4693 292
678 -1 -1
679 -1 -1
680 -1 -1
681 19.505 479
682 18.8425 1518
683 16.8451 973
684 16.9339 887
685 17.6047 635
686 20.9835 626
687 20.4456 626
688 20.9835 626
689 20.8087 626
690 21.2829 626
691 -1 -1
692 11.6809 693
693 8.80074 338
694 26.9958 157
695 12.2772 249
696 10.547 1449
697 8.55356 1136
698 12.4508 249
699 13.224 249
700 12.7492 249
701 13.224 249
702 13.224 249
703 17.135 5
704 23.1023 289
705 19.2415 48
706 26.0304 707
707 23.0256 1763
708 17.6834 627
709 17.1418 406
710 17.0851 627
711 17.0851 627
712 15.3331 2269
713 17.6834 627
714 17.6834 627
715 23.9243 716
716 21.0952 574
717 22.7906 718
718 19.4853 1098
719 19.0553 178
720 19.7026 478
721 17.6922 805
722 22.0567 720
723 23.3591 862
724 -1 -1
725 -1 -1
726 17.2109 728
727 20.5162 726
728 14.6026 763
729 18.3264 730
730 15.497 943
731 19.1566 1354
732 23.8923 733
733 20.8084 2036
734 -1 -1
735 -1 -1
736 21.111 119
737 15.9986 2215
738 -1 -1
739 -1 -1
740 21.2217 222
741 -1 -1
742 -1 -1
743 20.6684 744
744 17.6635 1341
745 16.5791 293
746 17.6185 150
747 18.6156 751
748 20.5477 747
749 18.3519 861
750 20.6258 747
751 16.7495 926
752 18.054 861
753 17.8028 789
754 24.2509 755
755 21.0703 1365
756 17.122 7
757 13.0699 758
758 10.5863 850
759 16.551 757
760 17.6009 761
761 14.8171 1638
762 14.8217 763
763 12.7159 1776
764 19.2857 765
765 16.2018 136
766 16.6522 126
767 19.9638 768
768 17.559 1480
769 18.7389 751
770 23.5525 748
771 21.6609 772
772 18.8775 820
773 21.352 774
774 18.414 145
775 12.5965 758
776 15.6014 775
777 14.8267 775
778 -1 -1
779 17.641 781
780 20.4247 779
781 15.5071 439
782 11.1411 783
783 8.312 523
784 14.0931 255
785 16.4316 784
786 23.3145 382
787 19.6902 212
788 17.8028 789
789 15.6391 830
790 20.8076 788
791 18.2412 1369
792 16.1135 126
793 20.5075 788
794 22.4518 640
795 18.273 444
796 25.0007 797
797 21.8201 1301
798 10.1487 783
799 15.5139 250
800 -1 -1
801 -1 -1
802 27.7161 803
803 24.4108 722
804 19.312 785
805 15.5076 1121
806 23.1722 809
807 26.0015 806
808 26.4775 806
809 20.3428 508
810 20.7425 107
811 19.3899 812
812 16.3849 622
813 18.5771 789
814 22.7083 650
815 23.7532 816
816 20.4479 1444
817 -1 -1
818 19.5733 820
819 23.0544 818
820 16.6929 1110
821 10.0498 337
822 20.7425 107
823 20.7425 107
824 18.9339 358
825 20.7425 107
826 16.239 1520
827 20.7425 107
828 20.7425 107
829 20.7425 107
830 13.1764 831
831 10.5681 852
832 13.3307 696
833 17.3205 150
834 17.6185 150
835 17.3205 150
836 17.3205 150
837 17.6185 150
838 17.6185 150
839 15.8074 2159
840 17.1471 150
841 18.5321 340
842 13.1214 1451
843 21.5686 844
844 18.3879 2160
845 17.4798 604
846 16.0592 333
847 19.2399 846
848 6.69454 3
849 8.87455 1082
850 8.576 1082
851 8.62657 848
852 8.59228 848
853 -1 -1
854 18.4807 855
855 15.4757 1276
856 21.9618 854
857 22.5662 858
858 19.5614 332
859 -1 -1
860 -1 -1
861 16.0977 1604
862 20.1784 895
863 18.9585 870
864 21.7006 863
865 19.0946 870
866 21.7006 863
867 21.7006 863
868 20.8618 863
869 19.9665 1420
870 17.1625 1129
871 19.2522 145
872 22.1023 873
873 18.797 1324
874 18.691 205
875 18.4332 1324
876 27.2948 877
877 23.8137 689
878 16.9942 675
879 16.9046 450
880 24.6373 303
881 15.3515 842
882 19.5863 32
883 27.3851 272
884 13.1195 886
885 15.9999 884
886 11.0135 1305
887 14.9652 884
888 14.5276 109
889 16.7574 888
890 20.5295 222
891 23.6134 890
892 18.8635 889
893 22.5402 894
894 19.7108 1555
895 17.3947 898
896 20.4786 895
897 20.4786 895
898 15.0073 1312
899 -1 -1
900 18.8769 170
901 19.2599 902
902 16.5179 381
903 -1 -1
904 -1 -1
905 22.5181 142
906 -1 -1
907 -1 -1
908 30.7734 909
909 28.58 1584
910 19.6879 911
911 17.1077 404
912 26.684 913
913 24.7654 1402
914 24.7493 1736
915 27.8331 914
916 24.8561 917
917 21.375 998
918 14.0693 919
919 10.9854 693
920 14.701 109
921 18.1821 920
922 16.9057 761
923 17.4062 403
924 22.3064 151
925 21.4996 865
926 14.8462 927
927 12.8768 831
928 16.9897 926
929 16.8938 926
930 19.9122 448
931 17.6166 193
932 18.0923 193
933 17.7921 193
934 18.781 855
935 21.8647 936
936 18.7808 972
937 18.1853 170
938 16.9482 1650
939 16.8164 1110
940 22.5557 180
941 13.9117 942
942 11.0313 851
943 13.3017 1334
944 22.3936 945
945 19.3097 979
946 21.6443 172
947 23.2034 948
948 20.1986 441
949 22.5099 681
950 21.1492 1244
951 22.5099 681
952 22.5099 681
953 14.862 954
954 11.381 693
955 -1 -1
956 23.4784 648
957 19.2491 958
958 17.043 661
959 21.4553 957
960 18.3284 1516
961 21.7543 957
962 21.4553 957
963 19.6917 870
964 21.4553 957
965 21.4553 957
966 17.4254 761
967 19.1768 969
968 21.7851 967
969 16.6929 1110
970 17.2778 183
971 17.122 7
972 16.6922 973
973 14.8052 1312
974 18.7025 972
975 16.2823 293
976 18.7808 972
977 18.4131 2031
978 14.8217 763
979 17.1758 978
980 14.9136 1638
981 25.2532 982
982 21.7721 57
983 30.6638 984
984 27.1827 1300
985 22.6676 986
986 20.0872 351
987 23.5087 1089
988 20.5354 990
989 23.8407 988
990 17.706 2292
991 19.0575 979
992 31.9352 993
993 28.7546 1582
994 35.4163 992
995 17.8256 616
996 16.0108 997
997 14.124 583
998 18.4947 996
999 18.7945 996
1000 14.4563 255
1001 18.7945 996
1002 12.779 1004
1003 16.2601 1002
1004 10.6161 2203
1005 -1 -1
1006 -1 -1
1007 19.7889 768
1008 18.9633 2610
1009 18.9196 28
1010 14.8455 1011
1011 12.2373 798
1012 17.3083 1010
1013 18.0911 898
1014 18.5779 170
1015 14.2284 522
1016 14.2284 522
1017 17.3864 728
1018 18.5779 170
1019 18.7569 178
1020 24.9079 1021
1021 21.7273 1861
1022 20.9226 222
1023 19.1996 487
1024 27.3833 1025
1025 24.2026 490
1026 21.3251 791
1027 24.0629 188
1028 20.432 415
1029 18.6528 573
1030 18.1795 573
1031 18.4615 1369
1032 17.597 1341
1033 14.1589 255
1034 18.9526 573
1035 18.9526 573
1036 18.9526 573
1037 -1 -1
1038 -1 -1
1039 -1 -1
1040 18.273 444
1041 17.0773 381
1042 20.3826 1041
1043 25.1475 1044
1044 22.2671 1160
1045 -1 -1
1046 17.9742 444
1047 20.8546 1046
1048 -1 -1
1049 22.5454 1051
1050 26.0265 1049
1051 19.6651 768
1052 21.2984 677
1053 -1 -1
1054 22.072 1055
1055 19.0672 2144
1056 20.8842 1030
1057 22.9387 1056
1058 15.1063 695
1059 15.1063 695
1060 14.2666 695
1061 14.8065 695
1062 14.8065 695
1063 14.5073 695
1064 -1 -1
1065 -1 -1
1066 28.3754 317
1067 -1 -1
1068 20.5868 923
1069 -1 -1
1070 18.6199 28
1071 22.119 172
1072 17.2333 2514
1073 17.4966 1074
1074 14.4918 2033
1075 -1 -1
1076 -1 -1
1077 -1 -1
1078 -1 -1
1079 21.0006 532
1080 8.87455 1082
1081 11.4039 1080
1082 6.52045 3
1083 18.8319 1084
1084 15.6512 1276
1085 16.865 672
1086 17.69 881
1087 17.3983 75
1088 20.628 1086
1089 20.328 1086
1090 20.628 1086
1091 17.7738 618
1092 20.1527 1086
1093 -1 -1
1094 -1 -1
1095 17.122 7
1096 14.777 1097
1097 12.4229 758
1098 17.1311 1096
1099 -1 -1
1100 -1 -1
1101 -1 -1
1102 -1 -1
1103 -1 -1
1104 16.3849 622
1105 19.0897 1104
1106 19.6902 1104
1107 23.0429 1108
1108 20.7048 280
1109 22.6388 24
1110 14.7106 1112
1111 17.2903 1110
1112 12.6048 1004
1113 16.5529 1670
1114 17.2903 1110
1115 16.6929 1110
1116 21.9748 865
1117 17.8256 616
1118 14.7025 168
1119 16.9942 675
1120 16.2621 622
1121 13.0237 886
1122 15.3733 943
1123 18.1821 1124
1124 14.701 109
1125 19.2099 268
1126 13.7696 1127
1127 10.8893 51
1128 19.9878 911
1129 15.107 927
1130 17.8117 1129
1131 18.1118 1129
1132 18.1774 861
1133 18.9657 2296
1134 -1 -1
1135 -1 -1
1136 6.57095 3
1137 21.7073 974
1138 -1 -1
1139 18.7516 1140
1140 16.1135 126
1141 17.609 2276
1142 16.5791 293
1143 16.5791 293
1144 16.5791 293
1145 14.9522 1097
1146 16.5791 293
1147 16.5791 293
1148 16.5791 293
1149 16.2823 293
1150 16.5791 293
1151 16.5791 293
1152 12.6323 798
1153 16.5791 293
1154 16.2823 293
1155 16.5791 293
1156 16.5791 293
1157 16.5791 293
1158 16.5791 293
1159 -1 -1
1160 19.3867 600
1161 19.3867 600
1162 15.2196 1337
1163 -1 -1
1164 21.2136 1166
1165 21.2136 1166
1166 18.7509 1500
1167 22.6822 1169
1168 26.1633 1167
1169 19.6772 2119
1170 18.7365 268
1171 17.4945 194
1172 22.5181 142
1173 22.1554 663
1174 21.3699 146
1175 24.8509 1174
1176 24.871 117
1177 19.5927 449
1178 19.2926 449
1179 15.9505 842
1180 17.135 5
1181 17.9259 183
1182 15.2955 763
1183 22.0901 1184
1184 19.2099 970
1185 -1 -1
1186 18.273 444
1187 16.3687 1190
1188 19.3737 1187
1189 19.3737 1187
1190 13.5393 2073
1191 21.5937 977
1192 22.4665 1193
1193 19.1611 1113
1194 21.4462 380
1195 18.5921 1774
1196 21.921 380
1197 18.691 205
1198 22.1145 824
1199 31.7909 1200
1200 28.3098 10
1201 14.777 1097
1202 16.9661 184
1203 22.8495 122
1204 26.1549 1203
1205 20.2789 17
1206 19.705 979
1207 23.1861 1206
1208 -1 -1
1209 -1 -1
1210 14.1087 1081
1211 13.9333 1081
1212 14.4088 1081
1213 14.4088 1081
1214 24.6077 1021
1215 28.0888 1214
1216 21.2992 532
1217 27.5162 1218
1218 24.3356 959
1219 27.652 667
1220 27.8273 667
1221 -1 -1
1222 -1 -1
1223 30.8146 1224
1224 27.5092 1621
1225 20.5329 440
1226 18.3519 861
1227 23.0476 809
1228 26.2282 1227
1229 26.2282 1227
1230 -1 -1
1231 -1 -1
1232 -1 -1
1233 -1 -1
1234 -1 -1
1235 17.122 7
1236 21.7427 574
1237 21.3889 1166
1238 19.3683 302
1239 21.4435 574
1240 21.0952 574
1241 20.5126 260
1242 17.6773 444
1243 21.4491 1244
1244 18.5689 1801
1245 19.7623 534
1246 20.0622 534
1247 17.3561 604
1248 19.7623 534
1249 25.4477 1044
1250 -1 -1
1251 -1 -1
1252 -1 -1
1253 -1 -1
1254 -1 -1
1255 -1 -1
1256 18.1549 1257
1257 15.9832 1210
1258 18.1549 1257
1259 -1 -1
1260 -1 -1
1261 -1 -1
1262 16.2057 480
1263 18.8382 314
1264 18.8382 314
1265 18.5382 314
1266 23.6244 1240
1267 21.5645 936
1268 27.6372 1269
1269 24.3319 276
1270 18.5832 178
1271 21.8885 1270
1272 20.4996 1273
1273 17.4157 420
1274 14.8462 927
1275 15.8817 927
1276 12.7709 378
1277 18.273 444
1278 22.22 142
1279 25.7011 1278
1280 24.636 965
1281 28.117 1280
1282 23.9243 1240
1283 20.7482 222
1284 17.1965 1074
1285 18.8635 889
1286 16.8568 381
1287 -1 -1
1288 -1 -1
1289 17.122 7
1290 17.5998 407
1291 22.0139 247
1292 20.779 1133
1293 27.6372 1269
1294 -1 -1
1295 -1 -1
1296 -1 -1
1297 -1 -1
1298 21.2973 1055
1299 20.5094 588
1300 24.0021 1298
1301 19.1153 1500
1302 24.3021 1298
1303 18.273 444
1304 12.0872 1305
1305 9.00329 338
1306 13.617 1307
1307 10.7876 852
1308 22.5181 142
1309 23.1456 298
1310 -1 -1
1311 -1 -1
1312 12.8226 886
1313 16.7878 973
1314 17.6853 973
1315 17.6853 973
1316 15.7664 538
1317 13.3307 696
1318 24.6245 1319
1319 21.4439 892
1320 17.8354 194
1321 19.6183 1322
1322 17.3111 1507
1323 14.5569 1097
1324 16.5671 1323
1325 17.3406 1323
1326 17.3406 1323
1327 19.1931 302
1328 19.4831 683
1329 22.9642 1328
1330 -1 -1
1331 19.9723 1332
1332 17.268 1461
1333 17.122 7
1334 11.4039 849
1335 24.2753 563
1336 15.916 1337
1337 12.8321 190
1338 24.1346 1339
1339 21.1965 731
1340 18.8115 1149
1341 15.3548 1351
1342 20.6684 744
1343 21.2992 532
1344 22.6388 24
1345 16.1076 1121
1346 18.5832 178
1347 24.2753 563
1348 19.1455 61
1349 19.4994 487
1350 20.6326 1732
1351 13.1701 919
1352 15.2101 1351
1353 16.0502 1351
1354 17.1167 604
1355 20.0547 1354
1356 20.0547 1354
1357 19.4552 1354
1358 -1 -1
1359 15.3733 943
1360 17.5883 1274
1361 24.4681 1362
1362 21.2875 991
1363 23.1657 1364
1364 19.8604 332
1365 18.7895 751
1366 19.9236 1864
1367 21.3699 146
1368 24.5506 1367
1369 16.0565 126
1370 18.6368 1369
1371 17.5326 2408
1372 19.9369 1171
1373 19.9369 1171
1374 19.6381 1171
1375 19.4079 361
1376 22.8889 1375
1377 13.7696 1398
1378 17.8957 486
1379 17.4212 486
1380 17.8957 486
1381 17.8957 486
1382 21.0083 578
1383 24.8858 722
1384 24.871 117
1385 -1 -1
1386 -1 -1
1387 -1 -1
1388 27.3249 659
1389 19.4417 1390
1390 16.9124 1063
1391 17.6706 1392
1392 15.0623 1515
1393 20.6756 1391
1394 23.0233 1395
1395 19.718 2287
1396 20.1758 721
1397 20.9975 1133
1398 10.8893 51
1399 26.9816 913
1400 22.7931 804
1401 22.6726 298
1402 22.8467 298
1403 18.9891 205
1404 18.5175 205
1405 18.691 205
1406 18.5175 205
1407 18.9891 205
1408 18.9891 205
1409 18.9891 205
1410 28.9699 1411
1411 25.6646 1966
1412 -1 -1
1413 -1 -1
1414 -1 -1
1415 21.6615 576
1416 18.3252 1418
1417 20.1863 2225
1418 15.9711 2139
1419 17.5424 789
1420 17.8028 789
1421 18.1018 789
1422 -1 -1
1423 -1 -1
1424 26.9958 157
1425 11.4868 51
1426 26.3855 1427
1427 23.3016 1822
1428 22.9597 1429
1429 19.9548 966
1430 20.6865 351
1431 19.4428 1432
1432 17.0727 1866
1433 19.4247 1434
1434 16.2441 1190
1435 19.2813 929
1436 -1 -1
1437 20.7971 224
1438 16.6522 126
1439 18.7301 929
1440 20.9596 1439
1441 20.9596 1439
1442 -1 -1
1443 20.9238 1444
1444 17.6185 980
1445 22.993 1299
1446 12.9783 1448
1447 16.159 1446
1448 10.6701 1815
1449 8.36234 523
1450 10.4459 783
1451 10.7673 1449
1452 -1 -1
1453 19.3172 570
1454 22.3936 1455
1455 19.3097 979
1456 19.9777 929
1457 22.4066 592
1458 17.4394 184
1459 16.6957 675
1460 12.3333 639
1461 15.0381 1460
1462 15.2136 1460
1463 -1 -1
1464 -1 -1
1465 -1 -1
1466 22.2416 1467
1467 19.3612 1098
1468 25.0253 1466
1469 -1 -1
1470 -1 -1
1471 18.4037 170
1472 19.1455 61
1473 13.2395 2073
1474 18.2258 183
1475 23.0429 1108
1476 25.8198 159
1477 9.34952 1082
1478 12.817 138
1479 13.1164 138
1480 15.3291 1488
1481 -1 -1
1482 21.1737 100
1483 21.3708 1709
1484 21.5171 1370
1485 21.0083 578
1486 8.55356 1136
1487 13.4163 138
1488 12.7209 138
1489 23.9058 780
1490 13.5253 190
1491 -1 -1
1492 -1 -1
1493 18.273 444
1494 21.2992 532
1495 20.9728 933
1496 23.9778 1495
1497 -1 -1
1498 19.2522 145
1499 19.5901 1500
1500 16.8067 375
1501 28.1273 667
1502 19.6651 768
1503 17.122 7
1504 17.5883 1274
1505 21.1492 1244
1506 18.0563 881
1507 15.4756 842
1508 24.871 117
1509 23.2034 948
1510 17.3561 604
1511 17.1965 1074
1512 22.6388 24
1513 21.4638 1514
1514 18.2832 1551
1515 12.6749 378
1516 16.0198 1520
1517 18.5034 1516
1518 16.2621 622
1519 16.9383 1211
1520 14.1328 1538
1521 -1 -1
1522 22.5181 142
1523 18.9196 28
1524 18.6199 28
1525 13.7351 524
1526 18.445 28
1527 18.9196 28
1528 18.321 28
1529 18.6199 28
1530 19.1455 61
1531 24.1142 59
1532 -1 -1
1533 -1 -1
1534 12.6801 1448
1535 21.3408 1340
1536 24.5214 1535
1537 14.4313 1538
1538 12.0928 639
1539 17.6119 1537
1540 21.6406 1340
1541 14.0353 311
1542 13.7351 311
1543 14.0353 311
1544 17.122 7
1545 23.6897 1546
1546 20.5091 1732
1547 18.1549 1257
1548 -1 -1
1549 19.9602 1098
1550 19.1083 361
1551 15.4028 1312
1552 23.9243 716
1553 20.3064 1554
1554 16.8254 7
1555 17.4809 89
1556 20.1853 1555
1557 19.4911 1555
1558 19.8857 1555
1559 19.7108 1555
1560 19.7108 1555
1561 -1 -1
1562 -1 -1
1563 22.3436 1564
1564 19.4056 1012
1565 16.8573 622
1566 -1 -1
1567 13.0309 696
1568 19.5726 1569
1569 16.6925 1274
1570 23.4766 1483
1571 26.7819 1570
1572 26.7819 1570
1573 19.6394 430
1574 22.8201 1573
1575 -1 -1
1576 -1 -1
1577 28.0316 1368
1578 13.0699 758
1579 16.2506 1578
1580 20.1703 928
1581 21.1843 1030
1582 25.5739 1616
1583 30.476 909
1584 26.684 913
1585 19.9407 1286
1586 17.7392 184
1587 12.9455 886
1588 19.4417 1390
1589 19.6171 1390
1590 19.6171 1390
1591 19.9172 1390
1592 21.2685 1593
1593 18.0879 2160
1594 19.9407 1286
1595 19.0553 178
1596 23.8425 218
1597 -1 -1
1598 -1 -1
1599 19.0553 178
1600 20.7105 578
1601 26.3012 1574
1602 24.6034 1603
1603 21.4228 682
1604 14.2369 255
1605 17.0206 1604
1606 13.313 1779
1607 22.767 882
1608 21.3699 146
1609 11.1875 51
1610 11.4868 51
1611 11.4868 51
1612 11.1875 51
1613 11.4868 51
1614 18.0057 404
1615 25.8741 1616
1616 22.6935 47
1617 15.8058 82
1618 15.8058 82
1619 22.101 1524
1620 19.0553 178
1621 24.6798 1622
1622 21.6748 865
1623 27.9852 1621
1624 19.0553 178
1625 19.1455 61
1626 -1 -1
1627 13.7696 1398
1628 17.6164 406
1629 21.6615 576
1630 17.8005 1631
1631 14.8625 1312
1632 20.4996 1273
1633 24.871 117
1634 23.0429 1108
1635 23.4998 868
1636 26.9809 1635
1637 15.5139 1638
1638 12.3333 798
1639 -1 -1
1640 -1 -1
1641 22.4665 1193
1642 17.1638 1033
1643 22.5181 142
1644 18.4065 197
1645 21.7118 1644
1646 14.1328 1538
1647 15.0309 1538
1648 22.5181 142
1649 21.2074 260
1650 14.0679 1612
1651 15.3211 1652
1652 12.2373 798
1653 18.4454 1654
1654 15.4404 1337
1655 23.4191 614
1656 26.9002 1655
1657 -1 -1
1658 15.7027 1312
1659 30.2862 1660
1660 26.8051 2295
1661 -1 -1
1662 -1 -1
1663 17.122 7
1664 16.4303 450
1665 17.2046 450
1666 20.1941 1667
1667 16.713 1646
1668 21.6674 146
1669 19.1611 1113
1670 13.7691 919
1671 21.7902 1184
1672 13.1307 1673
1673 10.4927 851
1674 15.7109 1672
1675 22.5181 142
1676 -1 -1
1677 -1 -1
1678 -1 -1
1679 -1 -1
1680 21.6406 1340
1681 -1 -1
1682 -1 -1
1683 -1 -1
1684 -1 -1
1685 22.5545 129
1686 26.2948 159
1687 22.1145 824
1688 23.3384 355
1689 18.7778 145
1690 18.9526 145
1691 19.2522 145
1692 14.1431 2478
1693 19.2522 145
1694 17.122 7
1695 -1 -1
1696 18.81 765
1697 -1 -1
1698 -1 -1
1699 24.0629 188
1700 -1 -1
1701 -1 -1
1702 22.8547 1189
1703 -1 -1
1704 22.869 591
1705 20.779 1133
1706 21.9748 865
1707 17.5785 1708
1708 14.6982 763
1709 19.3885 153
1710 22.1741 1712
1711 25.1791 1710
1712 19.5658 1885
1713 25.1791 1710
1714 23.5422 218
1715 22.2976 1178
1716 14.631 255
1717 18.8469 61
1718 22.328 1717
1719 20.9417 1720
1720 17.6364 420
1721 17.8577 1257
1722 22.6388 24
1723 28.6602 1711
1724 23.3423 1108
1725 21.3699 146
1726 24.2502 1725
1727 25.2915 1057
1728 16.8573 622
1729 21.3251 791
1730 22.2322 1366
1731 16.421 136
1732 18.5268 1731
1733 16.9942 675
1734 13.0699 758
1735 18.9605 655
1736 21.9655 1735
1737 17.8589 1738
1738 14.9209 64
1739 21.6615 576
1740 18.8319 377
1741 17.122 7
1742 21.362 576
1743 28.61 10
1744 -1 -1
1745 -1 -1
1746 -1 -1
1747 -1 -1
1748 -1 -1
1749 21.1064 1732
1750 21.1064 1732
1751 23.6864 1752
1752 20.9816 295
1753 15.021 1652
1754 18.026 1753
1755 17.7738 618
1756 18.2844 195
1757 18.5272 737
1758 19.9602 1098
1759 25.2238 1236
1760 23.172 80
1761 26.4774 1760
1762 23.5921 733
1763 21.0562 1184
1764 15.021 1652
1765 18.5021 1764
1766 20.9816 295
1767 20.078 1768
1768 16.7727 1650
1769 23.2139 1546
1770 26.5192 1769
1771 10.7326 851
1772 19.1455 61
1773 18.273 444
1774 16.6944 1631
1775 17.8005 1631
1776 10.9069 693
1777 13.9118 1776
1778 16.4936 1606
1779 10.7326 851
1780 13.9132 1779
1781 21.3889 1166
1782 21.6889 1166
1783 17.7738 618
1784 -1 -1
1785 -1 -1
1786 20.0672 1787
1787 17.3251 1810
1788 21.3313 1754
1789 19.6902 97
1790 24.871 117
1791 16.713 1646
1792 24.4205 357
1793 22.5181 142
1794 14.0692 1795
1795 11.0644 1815
1796 14.9963 763
1797 14.9963 763
1798 15.2955 763
1799 15.4557 698
1800 15.1556 698
1801 16.4627 1211
1802 17.9742 444
1803 21.4553 1802
1804 -1 -1
1805 -1 -1
1806 17.8256 616
1807 20.9417 1720
1808 -1 -1
1809 23.8971 356
1810 15.2775 943
1811 22.5181 142
1812 21.45 1526
1813 -1 -1
1814 -1 -1
1815 8.75563 1136
1816 8.97595 1136
1817 19.4428 1432
1818 14.5497 267
1819 19.368 1313
1820 17.122 7
1821 19.5901 1500
1822 20.5179 508
1823 23.6737 1907
1824 -1 -1
1825 24.871 117
1826 24.4407 1441
1827 16.8254 7
1828 22.2391 520
1829 15.3211 1652
1830 -1 -1
1831 -1 -1
1832 22.4392 528
1833 21.4272 1983
1834 20.9975 1133
1835 9.25873 523
1836 -1 -1
1837 18.7365 268
1838 18.2805 170
1839 20.9581 1008
1840 18.0474 1841
1841 15.1094 2410
1842 28.1092 1468
1843 21.6406 1340
1844 19.0553 178
1845 17.1611 1000
1846 17.43 1848
1847 20.6107 1846
1848 14.5497 267
1849 19.7079 361
1850 17.4068 887
1851 23.9789 391
1852 -1 -1
1853 -1 -1
1854 26.9816 913
1855 15.0744 1337
1856 -1 -1
1857 -1 -1
1858 -1 -1
1859 23.1023 289
1860 24.9079 1021
1861 18.8469 61
1862 21.8106 1366
1863 22.4072 1366
1864 17.835 737
1865 15.2775 943
1866 14.7025 168
1867 16.7037 997
1868 16.2298 997
1869 21.2984 677
1870 19.6128 448
1871 17.122 7
1872 20.2789 479
1873 18.5503 61
1874 18.5503 61
1875 -1 -1
1876 24.0629 188
1877 24.0629 188
1878 23.6897 1546
1879 -1 -1
1880 -1 -1
1881 21.2992 532
1882 22.4518 645
1883 13.2297 1450
1884 19.2057 526
1885 17.5182 89
1886 -1 -1
1887 17.122 7
1888 24.6034 1603
1889 28.8818 1890
1890 25.4007 2049
1891 24.1024 1437
1892 -1 -1
1893 -1 -1
1894 -1 -1
1895 -1 -1
1896 -1 -1
1897 -1 -1
1898 -1 -1
1899 23.0429 1108
1900 18.6511 861
1901 -1 -1
1902 27.0072 1903
1903 23.7019 2108
1904 19.9777 929
1905 18.0124 1855
1906 24.2728 1907
1907 21.4437 945
1908 18.9603 902
1909 18.6562 2394
1910 19.1425 1120
1911 22.6235 1910
1912 21.6674 146
1913 -1 -1
1914 -1 -1
1915 -1 -1
1916 23.876 1917
1917 21.4885 68
1918 -1 -1
1919 -1 -1
1920 17.6728 1352
1921 16.6957 675
1922 20.2603 1885
1923 -1 -1
1924 -1 -1
1925 -1 -1
1926 19.4382 448
1927 -1 -1
1928 21.8866 991
1929 24.871 117
1930 18.1549 1257
1931 17.8577 1257
1932 18.1549 1257
1933 18.1549 1257
1934 18.1549 1257
1935 18.1549 1257
1936 17.5589 1738
1937 18.1549 1257
1938 19.0553 178
1939 21.7073 974
1940 -1 -1
1941 -1 -1
1942 -1 -1
1943 22.1837 68
1944 24.4129 322
1945 25.6897 143
1946 21.0083 578
1947 19.6183 1322
1948 19.3201 1322
1949 19.6183 1322
1950 19.6183 1322
1951 19.6183 1322
1952 15.6331 2207
1953 19.6183 1322
1954 24.87 1781
1955 18.3362 781
1956 -1 -1
1957 20.1758 721
1958 13.3518 831
1959 12.5783 831
1960 26.9816 913
1961 26.9816 913
1962 26.9816 913
1963 21.1556 1964
1964 18.548 344
1965 24.3239 1239
1966 22.6596 1429
1967 17.6983 75
1968 12.9783 1448
1969 21.3408 1340
1970 21.6406 1340
1971 27.2831 1496
1972 16.2115 1567
1973 -1 -1
1974 -1 -1
1975 17.7303 1848
1976 18.4037 170
1977 18.4037 170
1978 18.5779 170
1979 18.8769 170
1980 18.8769 170
1981 18.4037 170
1982 18.8769 170
1983 19.2635 2473
1984 29.3069 807
1985 13.7696 1398
1986 17.2507 1985
1987 21.0204 1988
1988 18.6156 751
1989 20.9014 1528
1990 21.2562 1008
1991 23.8923 733
1992 19.8704 508
1993 17.8256 616
1994 16.5218 675
1995 24.871 117
1996 21.8866 991
1997 18.5365 2031
1998 19.9878 911
1999 19.9878 911
2000 19.9878 911
2001 24.2728 1907
2002 -1 -1
2003 16.9904 2120
2004 19.8527 2119
2005 19.9953 2003
2006 20.2898 551
2007 -1 -1
2008 -1 -1
2009 19.5726 1569
2010 22.7556 662
2011 22.7556 662
2012 -1 -1
2013 -1 -1
2014 12.5845 1448
2015 13.4307 1673
2016 16.5218 675
2017 24.4129 322
2018 -1 -1
2019 -1 -1
2020 23.1023 289
2021 23.0429 1108
2022 22.3436 1564
2023 23.5964 1241
2024 24.8194 1057
2025 23.8346 1339
2026 22.6676 986
2027 27.1306 1726
2028 18.273 444
2029 21.0083 578
2030 18.1385 1341
2031 16.4814 1818
2032 17.122 7
2033 11.787 1305
2034 24.871 117
2035 18.8551 243
2036 18.8326 1286
2037 19.2514 243
2038 22.1554 663
2039 22.5181 142
2040 22.5181 142
2041 22.5181 142
2042 22.5181 142
2043 22.5181 142
2044 21.1609 1838
2045 22.5181 142
2046 22.5181 142
2047 22.5181 142
2048 22.5181 142
2049 22.22 142
2050 22.5181 142
2051 22.792 986
2052 27.7161 803
2053 18.5537 89
2054 -1 -1
2055 23.1023 289
2056 21.8838 68
2057 10.5935 1486
2058 13.5315 2057
2059 -1 -1
2060 19.6913 609
2061 24.098 2062
2062 21.093 769
2063 14.7025 168
2064 -1 -1
2065 -1 -1
2066 25.6776 1401
2067 15.0031 842
2068 19.4831 683
2069 23.3423 1108
2070 22.6388 24
2071 17.122 7
2072 -1 -1
2073 10.8344 1486
2074 21.8426 280
2075 15.6503 1587
2076 -1 -1
2077 20.1301 494
2078 19.5733 1115
2079 19.8735 1115
2080 16.5956 136
2081 16.421 136
2082 17.4966 1074
2083 17.122 7
2084 15.9505 842
2085 18.0923 196
2086 17.122 7
2087 -1 -1
2088 19.7317 1579
2089 25.3724 2026
2090 -1 -1
2091 17.3166 1855
2092 20.1003 2091
2093 18.5003 1418
2094 22.8547 1188
2095 -1 -1
2096 -1 -1
2097 17.3578 510
2098 18.1481 1352
2099 16.5587 622
2100 18.273 444
2101 20.8217 1325
2102 15.1623 64
2103 22.8187 1374
2104 20.5351 1032
2105 22.1661 1669
2106 21.2992 532
2107 24.4407 1440
2108 21.6222 1819
2109 -1 -1
2110 19.3876 751
2111 23.1023 289
2112 19.4618 889
2113 18.1462 1392
2114 17.122 7
2115 21.362 576
2116 16.5587 622
2117 20.8786 571
2118 25.3026 1715
2119 17.069 2120
2120 14.8267 2014
2121 14.9304 255
2122 -1 -1
2123 16.8573 622
2124 23.1023 289
2125 20.8546 2126
2126 18.3252 1418
2127 -1 -1
2128 -1 -1
2129 19.5726 1569
2130 19.5726 1569
2131 19.5726 1569
2132 20.5351 1032
2133 19.1323 376
2134 23.9243 1240
2135 18.273 444
2136 21.32 1988
2137 21.0204 1988
2138 10.7876 852
2139 13.617 2138
2140 24.6241 1239
2141 -1 -1
2142 -1 -1
2143 19.5428 2144
2144 16.5378 1646
2145 22.5662 858
2146 -1 -1
2147 -1 -1
2148 19.5901 1500
2149 -1 -1
2150 -1 -1
2151 20.1775 478
2152 20.1775 478
2153 28.1092 1468
2154 22.5662 858
2155 19.979 479
2156 -1 -1
2157 -1 -1
2158 16.5587 622
2159 13.0237 886
2160 15.5076 2159
2161 -1 -1
2162 -1 -1
2163 16.2324 636
2164 11.381 693
2165 14.862 2164
2166 -1 -1
2167 28.61 10
2168 25.6897 143
2169 15.8087 2207
2170 -1 -1
2171 21.2074 260
2172 21.2074 260
2173 14.0353 524
2174 -1 -1
2175 -1 -1
2176 -1 -1
2177 -1 -1
2178 -1 -1
2179 -1 -1
2180 -1 -1
2181 -1 -1
2182 21.5426 280
2183 18.7109 2031
2184 -1 -1
2185 23.3885 152
2186 18.6731 61
2187 16.9942 675
2188 17.0773 381
2189 -1 -1
2190 -1 -1
2191 24.871 117
2192 25.6473 2193
2193 22.1662 2579
2194 -1 -1
2195 28.6602 1713
2196 26.0624 401
2197 21.4071 1421
2198 -1 -1
2199 14.2639 2200
2200 10.9586 1486
2201 21.3387 1931
2202 23.7532 816
2203 8.75048 1082
2204 -1 -1
2205 -1 -1
2206 17.8589 1738
2207 12.8037 1448
2208 24.4129 2209
2209 21.2323 2545
2210 19.6405 653
2211 23.1216 2210
2212 20.4786 1783
2213 14.2639 2200
2214 18.2462 618
2215 13.7691 1795
2216 13.7723 1451
2217 20.5017 1605
2218 21.7643 520
2219 24.6907 1862
2220 16.5218 675
2221 17.5883 1274
2222 17.5883 1274
2223 18.0474 1841
2224 23.0161 894
2225 17.357 2344
2226 -1 -1
2227 -1 -1
2228 -1 -1
2229 -1 -1
2230 -1 -1
2231 -1 -1
2232 -1 -1
2233 -1 -1
2234 18.0923 196
2235 22.5545 129
2236 24.871 117
2237 19.9122 448
2238 19.9122 448
2239 18.7737 2505
2240 19.9122 448
2241 19.9122 448
2242 19.9122 448
2243 21.1565 295
2244 24.6376 2243
2245 -1 -1
2246 -1 -1
2247 20.3458 2248
2248 17.1652 2120
2249 17.8589 1738
2250 22.5545 129
2251 19.1455 61
2252 22.0901 1184
2253 21.7902 1184
2254 17.0129 1646
2255 20.7851 845
2256 19.0516 792
2257 19.0516 792
2258 18.7569 178
2259 23.1023 289
2260 -1 -1
2261 -1 -1
2262 17.122 7
2263 16.551 2264
2264 13.0699 378
2265 24.871 117
2266 16.5378 1520
2267 20.2683 2268
2268 17.0876 1063
2269 12.8037 1448
2270 13.5253 190
2271 23.3253 122
2272 20.414 2273
2273 17.2333 510
2274 18.3429 2102
2275 17.8293 2276
2276 15.4243 41
2277 19.726 264
2278 22.9066 2277
2279 17.122 7
2280 17.8256 616
2281 17.8256 616
2282 30.8146 1224
2283 21.1719 1133
2284 -1 -1
2285 -1 -1
2286 26.0974 2051
2287 16.713 1520
2288 23.0233 1395
2289 18.2007 239
2290 20.1301 494
2291 21.0113 990
2292 14.701 109
2293 17.122 7
2294 27.8331 914
2295 23.6244 1240
2296 16.9339 887
2297 -1 -1
2298 -1 -1
2299 -1 -1
2300 -1 -1
2301 -1 -1
2302 -1 -1
2303 -1 -1
2304 24.871 117
2305 17.122 7
2306 25.8482 2026
2307 23.843 2308
2308 20.362 2225
2309 -1 -1
2310 20.5367 1247
2311 24.7668 362
2312 22.1837 68
2313 24.871 117
2314 -1 -1
2315 -1 -1
2316 17.122 7
2317 20.2463 1012
2318 20.1337 415
2319 19.9601 415
2320 23.0982 1590
2321 20.3357 332
2322 20.3357 332
2323 18.5539 1122
2324 15.9714 943
2325 -1 -1
2326 21.2984 677
2327 21.2984 677
2328 21.2984 677
2329 21.2984 677
2330 -1 -1
2331 -1 -1
2332 -1 -1
2333 -1 -1
2334 24.6241 1239
2335 20.2683 2268
2336 20.2683 2268
2337 21.9752 1001
2338 18.2007 241
2339 25.2915 1057
2340 25.2915 1057
2341 24.9931 1057
2342 25.2915 1057
2343 17.5326 2344
2344 14.5276 109
2345 20.9242 593
2346 21.2992 532
2347 18.3045 2276
2348 13.5253 190
2349 27.5162 1218
2350 28.1092 1468
2351 23.3836 687
2352 -1 -1
2353 -1 -1
2354 24.871 117
2355 22.575 1557
2356 -1 -1
2357 -1 -1
2358 27.2831 1496
2359 19.2099 268
2360 23.9243 1240
2361 20.1301 494
2362 18.273 444
2363 23.6592 2212
2364 18.3045 2276
2365 21.352 774
2366 22.2391 520
2367 22.0829 328
2368 25.564 2367
2369 25.0237 2182
2370 -1 -1
2371 22.5691 1709
2372 16.1076 1121
2373 19.5377 2163
2374 22.8187 1374
2375 24.6245 1319
2376 22.0367 731
2377 22.1837 68
2378 21.2992 532
2379 21.3699 146
2380 -1 -1
2381 19.7263 2081
2382 10.8565 851
2383 19.7423 1432
2384 18.2462 618
2385 -1 -1
2386 -1 -1
2387 20.0598 1032
2388 21.1556 1964
2389 13.727 405
2390 -1 -1
2391 -1 -1
2392 -1 -1
2393 -1 -1
2394 15.6512 2410
2395 -1 -1
2396 -1 -1
2397 -1 -1
2398 -1 -1
2399 -1 -1
2400 -1 -1
2401 -1 -1
2402 16.2115 1567
2403 17.122 7
2404 18.273 444
2405 19.2099 268
2406 -1 -1
2407 17.8329 2408
2408 14.5276 109
2409 21.0615 2578
2410 12.7709 378
2411 17.954 604
2412 -1 -1
2413 -1 -1
2414 13.7178 886
2415 24.871 117
2416 17.122 7
2417 -1 -1
2418 28.1092 1468
2419 23.6244 716
2420 18.273 444
2421 21.0006 532
2422 19.2099 268
2423 22.0367 731
2424 -1 -1
2425 23.9886 793
2426 21.1162 543
2427 19.1455 61
2428 19.1455 61
2429 19.1455 61
2430 19.9723 1332
2431 -1 -1
2432 -1 -1
2433 17.4068 887
2434 19.6917 870
2435 22.2103 542
2436 17.954 604
2437 24.871 117
2438 24.871 117
2439 24.5742 117
2440 -1 -1
2441 -1 -1
2442 -1 -1
2443 -1 -1
2444 -1 -1
2445 17.1638 1033
2446 19.5901 1500
2447 -1 -1
2448 21.6615 576
2449 23.9567 132
2450 19.4979 1332
2451 23.3423 1108
2452 18.0363 781
2453 17.4068 887
2454 19.6604 1098
2455 -1 -1
2456 -1 -1
2457 -1 -1
2458 -1 -1
2459 -1 -1
2460 19.2599 902
2461 19.2599 902
2462 18.7853 902
2463 19.01 2031
2464 18.0363 781
2465 22.0721 57
2466 17.122 7
2467 18.5011 238
2468 -1 -1
2469 -1 -1
2470 21.4164 543
2471 17.4068 887
2472 23.5964 1241
2473 16.5587 622
2474 24.1126 2209
2475 27.5937 2474
2476 21.6615 576
2477 21.6674 146
2478 10.9624 852
2479 -1 -1
2480 17.5721 1841
2481 20.8774 2480
2482 17.135 5
2483 -1 -1
2484 -1 -1
2485 16.5057 480
2486 15.177 842
2487 19.6651 768
2488 22.8457 2487
2489 20.1137 1072
2490 16.9555 127
2491 17.122 7
2492 22.101 1529
2493 -1 -1
2494 -1 -1
2495 19.5592 284
2496 22.7399 2495
2497 18.3045 2276
2498 17.5305 2276
2499 19.4618 889
2500 26.0624 401
2501 -1 -1
2502 16.8573 622
2503 16.9942 675
2504 -1 -1
2505 15.8934 1606
2506 -1 -1
2507 -1 -1
2508 22.4337 1690
2509 18.591 1674
2510 13.5253 190
2511 25.6897 143
2512 -1 -1
2513 -1 -1
2514 14.653 1097
2515 -1 -1
2516 20.1301 494
2517 -1 -1
2518 -1 -1
2519 27.5162 1218
2520 -1 -1
2521 21.6674 146
2522 21.6674 146
2523 21.3699 146
2524 21.6674 146
2525 17.122 7
2526 22.6421 598
2527 -1 -1
2528 -1 -1
2529 -1 -1
2530 17.7474 1841
2531 17.7474 1841
2532 23.3456 80
2533 21.7136 318
2534 17.4068 887
2535 17.4068 887
2536 23.9243 716
2537 20.414 2273
2538 18.273 444
2539 18.273 444
2540 21.2992 532
2541 16.8254 7
2542 21.2992 532
2543 21.0006 532
2544 18.6511 861
2545 18.3519 861
2546 18.6511 861
2547 18.6511 861
2548 28.0553 2439
2549 -1 -1
2550 21.7705 539
2551 14.9304 255
2552 21.8866 991
2553 20.2463 1012
2554 22.2391 520
2555 16.9942 675
2556 14.0692 1795
2557 19.8592 284
2558 -1 -1
2559 15.2827 1959
2560 15.9505 842
2561 17.122 7
2562 13.3697 378
2563 -1 -1
2564 -1 -1
2565 25.2712 2253
2566 14.0692 1795
2567 17.122 7
2568 17.122 7
2569 17.122 7
2570 17.5626 781
2571 20.5354 2498
2572 20.5354 2498
2573 17.9476 618
2574 18.2462 618
2575 18.2462 618
2576 18.3362 781
2577 18.3362 781
2578 18.0565 199
2579 18.9855 765
2580 23.6569 1957
2581 -1 -1
2582 -1 -1
2583 19.2857 765
2584 21.3712 875
2585 -1 -1
2586 19.7423 1432
2587 -1 -1
2588 19.0553 178
2589 24.1142 59
2590 21.2529 644
2591 18.8467 48
2592 21.8327 603
2593 18.4387 1341
2594 -1 -1
2595 -1 -1
2596 21.4561 295
2597 23.3423 1108
2598 23.0429 1108
2599 23.6737 1907
2600 17.6983 75
2601 -1 -1
2602 13.2777 1448
2603 22.072 1055
2604 19.9602 1098
2605 19.9602 1098
2606 17.6983 75
2607 -1 -1
2608 18.3429 2102
2609 17.6164 406
2610 17.1418 406
2611 23.3423 1108
2612 -1 -1
2613 -1 -1
2614 16.9555 127
2615 26.0304 707
2616 -1 -1
